335
22339,71672,55633,
22956,45517,56894,
24662,68792,45467,
39695,40126,84196,
51196,62141,91114,
266,40125,11312,34179,
4783,7488,26590,20838,
6499,49070,60751,48860,
11479,90049,19416,66196,
12532,76885,65002,83850,
13552,42645,56920,45544,
16161,50307,72977,41542,
17349,20844,57051,54886,
18449,81927,96438,90152,
19805,64829,46336,88739,
25808,55679,56355,84223,
28099,32546,40026,38532,
30436,56146,63532,40863,
32330,59339,58538,69258,
33100,54330,99740,48055,
64878,77992,68415,97275,
53,4133,16467,7377,16936,
1354,18085,63633,97300,73819,
1818,41882,7637,89658,75308,
2407,34862,91570,45767,94886,
2538,62699,26452,5123,12092,
2637,23677,77573,7958,92054,
4486,42167,51436,49842,83505,
6413,8657,61991,74278,66178,
6729,38266,78431,95285,34091,
7891,48735,40402,20148,38089,
8696,15421,68542,42258,80326,
8738,95366,82522,38883,71866,
10254,35906,71281,72498,49991,
11051,86842,67282,94743,26662,
13250,22841,59902,43289,54618,
14553,39077,51584,47704,91663,
16317,27408,77882,69434,70354,
16979,72408,49451,17444,63146,
17327,36729,38402,21228,19544,
18140,23281,18418,80097,98008,
19487,61054,33114,55646,39345,
20200,73644,38367,61643,77657,
21101,53504,52803,47240,74502,
22447,27494,38864,72364,88811,
24038,57440,85443,80323,50057,
24274,50771,61438,90389,84592,
24929,57197,27310,52390,76889,
30568,51371,85753,34679,70907,
32027,95994,48086,52850,49887,
37154,61309,95531,37469,53400,
46235,59593,91520,70902,62081,
46428,93309,59179,74935,77130,
47914,56139,73696,83027,83789,
49301,83508,56976,99285,93993,
51633,51692,77475,75179,55736,
290,17492,43330,79431,97997,94993,
324,39057,82634,48522,50346,76976,
414,97225,85740,60841,66447,67008,
419,35835,30902,9870,50436,33073,
704,1237,92069,19607,66953,45372,
977,7448,93011,52264,12539,1708,
1091,65666,60750,78149,46641,31321,
1102,91035,21072,1461,87057,68073,
1134,37561,92781,8153,36172,69057,
1250,49493,30159,45623,88286,54910,
1489,87228,80013,23756,57236,51021,
1894,30010,48810,88936,83195,87965,
2112,21293,71772,98410,59129,94495,
2197,22327,40632,47822,50272,56098,
2558,53175,7068,85526,80896,60034,
3136,27227,63007,47989,11448,19091,
3195,26953,42613,27121,68773,21345,
3815,67773,26936,27160,8313,96469,
3985,51714,98242,91361,63612,80572,
4183,54681,18113,34657,16911,67666,
4382,92599,17014,29064,35128,41427,
4521,13278,50388,32092,75642,94876,
4526,53360,52545,98465,30065,95142,
4623,89303,82160,76706,18631,70899,
5335,20374,84431,87177,21303,34147,
5524,91591,42063,70306,71563,73923,
5570,89166,75065,81218,19726,36693,
5851,41178,40900,47612,9394,39195,
6947,36924,48260,60927,38236,49778,
7540,54211,83059,83925,71493,23170,
7713,31557,80673,87208,12005,36311,
7749,18371,39190,81824,90444,15905,
8087,28605,74507,85926,17990,33224,
8109,36134,11792,56557,30791,66346,
8493,67008,42574,27016,34273,24775,
8632,85301,57379,51244,72224,52273,
8960,75077,19992,78101,45354,43561,
9025,63885,23965,50119,54461,96802,
9064,41360,60365,18995,42408,19257,
9176,44915,56072,95288,27521,10103,
9249,37460,88731,39442,45402,45328,
9448,94703,70710,68549,98356,89254,
11587,35141,31252,21334,88553,95952,
11864,21748,75839,18918,70002,30478,
11968,61898,69449,30264,35619,79312,
12045,86326,31206,52510,88292,36350,
12320,50998,67491,28022,63003,81706,
12866,50799,36836,74293,74344,17382,
13922,31983,94395,76953,75361,26272,
14145,61614,33115,87898,67573,73214,
14616,42414,50835,92441,37179,87438,
14692,32013,92578,36587,36577,15831,
15449,95254,64373,46396,20863,91680,
15622,66351,95359,33296,37548,97569,
15765,87312,66921,76120,94728,57345,
15799,81580,74332,86944,32903,44896,
15968,49655,50116,56607,95727,23995,
16961,54416,91773,69452,90487,18104,
17016,91966,82922,35637,70139,28143,
17148,78367,28900,30286,55718,78101,
17267,99634,34318,28137,80616,86766,
19371,27700,97417,61036,83834,83155,
19480,78348,75645,75858,89337,49753,
20169,81377,59070,59866,29665,52616,
20333,29810,61702,77149,84729,75467,
21227,43849,61547,46610,45101,55230,
21433,34706,86151,25590,89546,22387,
22259,97732,80287,41061,95262,48047,
22743,23438,82315,63613,75980,43067,
23200,26914,50467,57310,28677,99283,
23363,81651,36235,25973,29826,81637,
24313,38317,56917,33165,43262,96050,
24757,68283,26842,45025,45516,68775,
25293,90620,71942,82810,27490,83146,
26460,62151,32049,47663,45291,50495,
26580,98165,71605,83884,33756,59238,
28481,40467,39410,31043,39415,61523,
29081,64104,88307,97837,96910,29908,
32448,75413,92874,91523,89832,44288,
33228,40728,70346,63742,85244,40001,
35431,69471,73791,52288,72494,86593,
35706,83220,74964,92632,84146,46469,
36987,92549,42598,96432,76195,39752,
38981,81635,44305,87339,81265,74262,
39884,43084,98629,50046,48772,47717,
51551,93086,71922,72537,88177,57973,
67,61346,32509,96059,43006,14692,77841,
114,16429,92950,40916,8497,47155,39623,
403,2549,50727,50446,96719,84260,11908,
681,32670,27908,58234,22437,36982,18458,
715,1418,78570,84855,33938,19664,5879,
777,75854,91505,5050,83716,19024,27641,
816,12464,34422,76938,94857,3912,63812,
862,52911,58987,2730,10447,82863,18225,
862,52911,58987,30124,11663,52168,57278,
941,9810,81532,32783,81895,74491,2597,
1047,80008,25117,59844,60388,64130,39284,
1170,84006,58786,58330,16010,55122,1617,
1190,26778,80886,13802,66843,31531,31141,
1229,4751,12584,69903,25826,31268,12429,
1252,18146,42779,27560,1970,22236,90277,
1286,68719,14911,88982,17127,78746,81478,
1300,55977,15642,34096,78418,68268,28477,
1391,81226,86322,88881,69090,14305,38908,
1394,49177,23494,88211,97789,36257,22438,
1398,17535,97685,26020,17888,95665,98176,
1470,92115,83890,53174,29604,16337,26501,
1500,29930,27571,94238,73796,76405,77145,
1628,43447,90801,83697,96037,60759,69988,
1890,3137,12468,73083,34926,16437,29321,
1921,18073,33252,5704,14139,68634,45537,
1952,54631,33624,29982,45927,93890,93951,
2039,26032,64802,24901,76176,72051,56979,
2107,3890,33951,85147,84375,92695,31439,
2199,45526,74719,43826,23386,57861,63521,
2258,49246,71090,19258,89361,6462,98382,
2332,40100,85799,97705,85404,68446,56146,
2462,64869,46893,99677,80347,20302,19166,
2498,36649,97820,10961,79194,54097,48082,
2504,91330,32025,58144,98656,71623,24326,
2516,21650,53828,62443,44734,82857,3632,
2671,18715,6089,78391,96688,20006,65013,
2688,15352,75739,6570,90111,25484,54242,
2752,85825,94019,98058,87610,49935,41645,
2826,29853,93999,89425,48683,18054,52306,
2935,48591,90198,23916,82084,4336,14625,
3136,65024,16768,15265,39124,89225,60414,
3194,13250,85612,88106,64157,55157,11990,
3195,63136,90509,41140,80916,22241,31603,
3195,86459,82076,6443,80916,22241,31603,
3277,84825,98085,94351,46957,58349,65216,
3493,69122,16994,21296,45903,82430,76101,
3599,66501,43521,72352,6669,19168,10346,
3670,45541,4347,94891,91524,82855,42064,
3677,23932,30630,37459,51743,28986,5421,
3765,68883,74542,92405,4987,55630,44155,
4025,29244,18487,86789,84777,73040,29593,
4072,22274,99327,16375,53286,50098,51184,
4087,10503,30116,20535,23168,94287,20108,
4167,29823,59318,59170,82581,34645,38716,
4201,47426,7339,26377,48283,73448,19969,
4289,82746,32444,60200,89912,95486,20582,
4377,46826,76298,51235,71934,26498,25236,
4520,65160,71468,43674,20387,22189,16500,
4653,29396,46411,85808,88549,78648,52210,
4713,71250,83167,6625,86534,96385,61669,
4720,14295,37922,50761,25327,82039,43916,
4842,20772,67965,59834,75551,51423,94262,
4980,17240,62470,10342,49719,13589,57096,
5204,12729,97392,70159,44665,29190,36200,
5217,43286,52374,89474,49785,28136,67933,
5296,34142,75186,20187,41022,14666,8802,
5374,45825,95039,73630,8361,87484,77256,
5407,62738,54511,9841,93756,66877,42054,
5527,31446,10663,65856,89977,34762,27594,
5578,20907,83056,90271,10039,50220,41481,
5653,43449,36333,18481,14578,61177,19544,
5659,24401,84477,75141,86435,72522,26783,
5730,16259,23407,14681,88799,46651,89395,
5874,81931,71619,86244,61835,63525,35367,
5944,8621,64378,28553,6081,15788,67370,
6126,93605,97247,88205,55195,29063,99042,
6229,89763,12220,39671,48029,57715,21931,
6605,76906,94494,58036,80584,86792,43633,
6764,35173,81066,25546,71441,67362,33904,
6898,49320,98529,75587,48873,36801,82539,
6993,34803,45790,96008,48810,30974,47655,
7129,82013,31980,59358,43417,16799,11800,
7209,52830,43718,65012,12172,88035,82205,
7323,37242,68773,21345,64513,98777,19241,
7415,7650,44180,80307,72059,96557,27627,
7596,72595,67014,58882,86510,57647,83483,
7600,86152,73037,78254,11950,22581,34801,
7669,77611,88995,82195,92583,19570,53468,
8009,65992,98368,36563,73832,21092,15298,
8042,58840,57621,55355,80164,33312,43029,
8235,46569,27037,39222,69669,49566,11927,
8313,79176,30794,73369,46990,50150,21672,
8315,66895,63997,63853,30448,31738,38652,
8438,16935,39533,51557,17763,99540,32838,
8455,59598,21545,61941,57072,24509,51549,
8635,70912,13238,65388,20896,93608,93972,
8691,20977,13812,50762,57926,21624,85884,
8695,45627,88183,14286,25134,93079,37253,
8765,71193,18095,87417,56460,91911,78074,
8790,85965,21721,87157,81579,82700,9102,
8791,38788,29226,78563,38623,71358,35284,
9027,14532,76212,39263,39684,93770,20718,
9266,86632,91134,84870,51795,37156,86527,
9321,17690,87427,51104,65093,68295,83889,
9552,81703,81332,62044,27541,17793,89830,
9561,61430,24275,51336,94325,45026,53125,
9565,36077,72759,67828,72029,18767,70236,
9904,54749,21918,34205,40366,54541,25011,
10009,16992,93699,12867,82807,28454,36845,
10129,64999,82412,68909,75283,67478,24021,
10275,58541,71356,14595,47291,42479,79968,
10469,31999,92443,50888,62200,32042,70676,
10569,88412,55166,70842,44331,20844,57051,
11082,13040,25167,43484,33706,17804,56606,
11088,32191,41388,80454,84104,66342,73164,
11161,25817,39545,22714,94758,70676,43177,
11191,58218,32793,74538,59490,80883,42717,
11263,70042,15208,81181,61439,86786,18741,
11463,56383,23166,86403,83374,81911,17243,
11498,22421,72950,39947,46020,47735,75153,
11675,91854,42293,66501,43521,90297,74168,
11728,94108,97151,48242,99820,60902,65887,
11872,67255,79888,66848,88862,22990,91960,
11886,68708,34499,89094,65377,39944,32272,
12053,27955,55097,48192,77244,42314,81020,
12249,28554,76078,81063,93792,29390,37010,
12512,28996,27783,51524,68382,26927,68946,
12523,40714,22566,51900,26325,81972,56129,
12604,13697,67499,76071,84751,16671,29223,
12690,88019,68887,80526,94058,35769,16042,
12691,59201,57767,42461,42144,77285,25801,
12706,64756,46752,76202,28175,68200,24910,
13122,55308,65215,60351,40654,25481,48687,
13756,93088,15297,77944,61596,72061,14332,
14305,77260,24041,16574,68299,41195,70286,
14448,56411,53878,68417,66172,61037,72410,
15159,22458,66535,96763,55828,98383,78241,
15362,43611,56703,88193,41789,54281,18395,
15676,65350,39181,37243,33291,87774,56513,
15741,47778,81292,23524,16830,58718,58926,
15742,67088,86683,40696,54353,36662,76787,
15796,17313,63668,95907,49852,98064,65046,
16060,37243,77937,91120,78453,61899,30439,
16198,24467,84924,84288,66895,63997,41946,
16496,44430,40980,60453,19938,71918,37530,
16719,60972,64156,86769,36129,51493,68966,
16910,45559,78627,35676,76498,84510,47908,
17040,22406,83209,19739,63045,20823,45259,
17105,33890,38609,28825,81531,64032,43413,
17254,53346,95429,28873,85771,52155,60942,
17277,34057,28806,71635,73288,61484,59824,
17379,18769,37864,52550,80688,85539,68607,
17486,93146,31973,45027,95558,47402,72818,
17646,19389,70447,54185,31173,49432,62763,
17670,65658,91419,23395,85978,33762,43684,
18049,50705,23385,80815,58495,61311,48248,
18287,54321,59238,55400,51880,91958,50963,
18760,33122,28062,92950,88520,34163,76657,
18776,64429,75939,68541,35543,30414,66022,
18909,44747,55009,48665,55839,54781,80177,
20732,80696,24608,34029,89749,58518,47945,
21067,24602,70507,60203,94559,98815,46017,
21242,71513,86299,26925,43943,67793,92975,
22648,80880,81578,36063,60046,99172,88502,
22650,84584,81160,53969,68712,63876,44319,
23579,30267,99641,61117,83115,64578,70998,
23854,38038,29274,29796,30572,65178,50292,
24239,95124,31436,52296,94078,58014,69806,
24813,63701,80498,96878,73109,51714,53167,
25623,91663,75583,59918,73253,39998,58630,
25960,52690,69672,73029,88253,38809,46670,
26674,78744,97253,76030,41309,51559,80637,
26925,58004,30001,37811,69185,70870,65554,
28614,45777,43982,60512,41184,51691,64321,
29134,94151,30546,83512,61342,80109,97016,
29833,70633,90024,99235,53394,70452,49476,
29995,72179,99010,78013,32437,68649,69638,
30438,62353,59338,65484,54955,60862,56948,
30460,45282,60256,79045,54555,37673,45036,
31159,56554,71009,88970,38597,36581,85374,
31715,53281,83106,79397,77883,79211,76411,
32092,75642,94876,72342,52052,43067,50388,
32671,74022,39336,92968,52455,52484,62223,
33958,53899,89569,57217,44221,47269,61335,
34074,74932,87613,45527,99470,57241,39730,
35567,91773,69452,88268,77469,51410,66214,
35587,48575,81530,75076,89888,56951,77512,
36254,62034,44571,88250,97461,70892,76481,
36452,37277,63250,50887,47249,42811,68743,
38195,56344,85623,99952,56612,53825,69565,
40353,86701,40685,67235,41302,47403,86719,
40546,72001,67110,70077,47553,63622,89501,
45135,69316,72968,78227,70623,46592,73669,
